4 0.0984375 0.8046875 0.0875 0.0890625
4 0.3125 0.2890625 0.059375 0.0734375
4 0.74296875 0.2625 0.0515625 0.084375
4 0.8828125 0.4 0.0578125 0.084375
4 0.9421875 0.63359375 0.071875 0.1
10 0.70546875 0.6828125 0.084375 0.0875
10 0.8015625 0.553125 0.05625 0.078125
10 0.85703125 0.284375 0.0546875 0.08125
10 0.6375 0.209375 0.0453125 0.0875
10 0.3359375 0.7984375 0.084375 0.084375
7 0.146875 0.48203125 0.1 0.090625
7 0.6015625 0.78359375 0.0765625 0.103125
8 0.203125 0.28359375 0.06875 0.0953125
8 0.81484375 0.19765625 0.06875 0.1
1 0.303125 0.20859375 0.075 0.078125
1 0.4640625 0.21484375 0.0640625 0.0984375
6 0.25859375 0.4 0.08125 0.1171875
6 0.68125 0.46640625 0.0734375 0.1203125
0 0.4796875 0.334375 0.0515625 0.1078125
0 0.46953125 0.49375 0.0765625 0.115625
2 0.66796875 0.33203125 0.0765625 0.11875
2 0.775 0.38671875 0.0734375 0.1265625
9 0.5578125 0.240625 0.071875 0.1640625
11 0.57109375 0.565625 0.0859375 0.1296875
3 0.33828125 0.6375 0.109375 0.1453125
5 0.13125 0.63125 0.1265625 0.1234375