4 0.14453125 0.79609375 0.0765625 0.0765625
4 0.3375 0.36640625 0.046875 0.0796875
4 0.71875 0.27890625 0.0625 0.0765625
4 0.88671875 0.44765625 0.0625 0.09375
4 0.18125 0.6796875 0.06875 0.084375
10 0.37265625 0.790625 0.0859375 0.08125
10 0.415625 0.52421875 0.06875 0.0671875
10 0.671875 0.39921875 0.0625 0.071875
10 0.74765625 0.36015625 0.05625 0.078125
8 0.41328125 0.26328125 0.0671875 0.0921875
8 0.503125 0.58984375 0.075 0.09375
7 0.6046875 0.78828125 0.084375 0.090625
7 0.2390625 0.396875 0.053125 0.084375
9 0.196875 0.5578125 0.11875 0.1375
6 0.31015625 0.509375 0.0640625 0.09375
6 0.57890625 0.3125 0.075 0.1
11 0.790625 0.50390625 0.08125 0.1109375
10 0.68984375 0.596875 0.08125 0.08125
1 0.575 0.4375 0.05625 0.075
1 0.2671875 0.27890625 0.078125 0.096875
2 0.384375 0.68125 0.08125 0.1
2 0.90234375 0.58671875 0.084375 0.1203125
5 0.86640625 0.35703125 0.08125 0.1046875
3 0.4890625 0.4296875 0.065625 0.153125
0 0.49921875 0.3078125 0.05625 0.109375
0 0.778125 0.77421875 0.075 0.125