4 0.934375 0.8 0.09375 0.090625
4 0.6765625 0.3171875 0.059375 0.06875
4 0.25078125 0.3 0.0546875 0.08125
4 0.10859375 0.43359375 0.065625 0.0828125
4 0.059375 0.66015625 0.08125 0.1
10 0.69140625 0.80078125 0.0765625 0.09375
10 0.30625 0.7015625 0.075 0.090625
10 0.20703125 0.57734375 0.0546875 0.1046875
10 0.35078125 0.2453125 0.0515625 0.090625
10 0.12890625 0.32578125 0.0578125 0.078125
1 0.67734375 0.24453125 0.0625 0.0765625
1 0.52734375 0.25390625 0.0625 0.0859375
2 0.32734375 0.359375 0.0546875 0.103125
2 0.228125 0.41015625 0.071875 0.1140625
0 0.515625 0.359375 0.059375 0.11875
0 0.53671875 0.51171875 0.071875 0.125
3 0.68359375 0.64375 0.1234375 0.165625
5 0.88671875 0.63125 0.146875 0.15625
6 0.73671875 0.41953125 0.0921875 0.11875
6 0.31875 0.48359375 0.06875 0.1328125
9 0.43046875 0.2734375 0.06875 0.171875
11 0.44296875 0.56796875 0.090625 0.140625
8 0.77109375 0.31171875 0.090625 0.1
8 0.17265625 0.23515625 0.059375 0.1
7 0.8546875 0.49765625 0.090625 0.1015625
7 0.421875 0.796875 0.084375 0.13125