0 0.06328125 0.6234375 0.1078125 0.1390625
0 0.17734375 0.2609375 0.0859375 0.109375
9 0.34453125 0.28125 0.0890625 0.15625
3 0.5359375 0.2203125 0.065625 0.15625
2 0.53046875 0.37265625 0.0734375 0.1015625
2 0.61875 0.26015625 0.0765625 0.1109375
11 0.32265625 0.5234375 0.1046875 0.1328125
7 0.2453125 0.3875 0.0828125 0.0921875
1 0.5265625 0.65390625 0.075 0.1
5 0.8828125 0.5359375 0.1125 0.128125
6 0.7546875 0.4640625 0.0875 0.1140625
6 0.8046875 0.74609375 0.0875 0.13125
8 0.30234375 0.753125 0.1078125 0.1171875
8 0.80390625 0.26484375 0.0796875 0.1140625