10 0.37265625 0.5875 0.0546875 0.06875
10 0.45625 0.5046875 0.0515625 0.0703125
10 0.27578125 0.5109375 0.0546875 0.0703125
10 0.284375 0.42109375 0.053125 0.0609375
10 0.29375 0.36015625 0.0453125 0.046875
10 0.30625 0.2875 0.046875 0.06875
10 0.3140625 0.22421875 0.0375 0.0390625
4 0.57265625 0.409375 0.0390625 0.078125
4 0.5703125 0.2859375 0.0390625 0.06875
4 0.73203125 0.28671875 0.0328125 0.0578125
4 0.740625 0.41953125 0.0546875 0.071875
4 0.6796875 0.51328125 0.0421875 0.0703125
4 0.5828125 0.7921875 0.075 0.0765625
4 0.81796875 0.79375 0.05625 0.0890625
4 0.7140625 0.22890625 0.0453125 0.0625
5 0.86640625 0.403125 0.065625 0.1265625
3 0.8 0.5609375 0.08125 0.1484375
1 0.94609375 0.790625 0.1078125 0.1
7 0.2140625 0.225 0.0703125 0.0671875
7 0.08671875 0.79140625 0.0921875 0.071875
1 0.33046875 0.809375 0.078125 0.0984375
9 0.4734375 0.215625 0.075 0.146875
11 0.1703125 0.4125 0.078125 0.121875
8 0.146875 0.58671875 0.0953125 0.1
8 0.21484375 0.30078125 0.06875 0.071875
2 0.4484375 0.6703125 0.0625 0.1
2 0.4765625 0.33671875 0.0546875 0.1015625
0 0.38671875 0.33671875 0.05625 0.0984375
0 0.3796875 0.428125 0.0796875 0.090625
6 0.67109375 0.3328125 0.040625 0.11875
6 0.57890625 0.5796875 0.0609375 0.1125