4 0.93984375 0.7921875 0.096875 0.0921875
4 0.6734375 0.3140625 0.0609375 0.0703125
4 0.24765625 0.3046875 0.05625 0.0828125
4 0.1078125 0.440625 0.0671875 0.084375
4 0.0625 0.66796875 0.0828125 0.1015625
10 0.696875 0.79765625 0.078125 0.0953125
10 0.31015625 0.7046875 0.0765625 0.0921875
10 0.20859375 0.5828125 0.05625 0.10625
10 0.34609375 0.24765625 0.053125 0.090625
10 0.12578125 0.33203125 0.059375 0.0796875
1 0.67265625 0.24140625 0.0640625 0.078125
1 0.52265625 0.253125 0.0640625 0.0875
2 0.325 0.3625 0.05625 0.1046875
2 0.2265625 0.41484375 0.0734375 0.115625
0 0.51328125 0.359375 0.0609375 0.11875
0 0.53671875 0.5109375 0.0734375 0.1265625
3 0.6859375 0.640625 0.1265625 0.1671875
5 0.8890625 0.62421875 0.15 0.159375
6 0.73515625 0.415625 0.09375 0.1203125
6 0.31875 0.48671875 0.071875 0.134375
9 0.4265625 0.275 0.071875 0.1734375
11 0.44453125 0.56875 0.09375 0.1421875
8 0.76796875 0.30703125 0.0921875 0.1015625
8 0.16796875 0.240625 0.0609375 0.1015625
7 0.8546875 0.49140625 0.09375 0.103125
7 0.42734375 0.7984375 0.0859375 0.1328125