4 0.9015625 0.7859375 0.0875 0.08125
4 0.06015625 0.64296875 0.0875 0.0796875
4 0.25703125 0.2765625 0.0390625 0.08125
4 0.803125 0.2515625 0.075 0.0765625
4 0.6828125 0.27890625 0.0484375 0.0671875
10 0.68671875 0.2125 0.0515625 0.065625
10 0.52890625 0.4078125 0.05625 0.0859375
10 0.60859375 0.334375 0.046875 0.0734375
10 0.13671875 0.296875 0.0609375 0.0640625
10 0.65390625 0.7796875 0.071875 0.0859375
7 0.40234375 0.76796875 0.084375 0.090625
7 0.63125 0.58046875 0.0578125 0.084375
11 0.82734375 0.39140625 0.0890625 0.11875
9 0.18203125 0.53828125 0.1203125 0.1546875
6 0.321875 0.31171875 0.059375 0.0921875
6 0.40390625 0.56015625 0.0640625 0.121875
8 0.7265625 0.478125 0.0796875 0.10625
2 0.37265625 0.20625 0.059375 0.1
2 0.875 0.6484375 0.1 0.1109375
0 0.51015625 0.203125 0.040625 0.1078125
0 0.33203125 0.3984375 0.05 0.1015625
1 0.42421875 0.3875 0.0625 0.0953125
1 0.29140625 0.4796875 0.0578125 0.0890625
3 0.13984375 0.76328125 0.146875 0.1484375
3 0.18984375 0.2125 0.065625 0.0984375
5 0.1265625 0.3875 0.1 0.13125