0 0.18671875 0.55 0.084375 0.13125
0 0.2328125 0.2671875 0.0640625 0.1109375
7 0.30078125 0.4734375 0.06875 0.096875
7 0.31328125 0.36015625 0.0578125 0.0921875
9 0.38828125 0.265625 0.0625 0.15625
11 0.40859375 0.45703125 0.075 0.1296875
8 0.4234375 0.6421875 0.0828125 0.1234375
8 0.8015625 0.23984375 0.0546875 0.0984375
3 0.55859375 0.21796875 0.06875 0.1484375
6 0.7765625 0.39296875 0.0765625 0.13125
6 0.87265625 0.590625 0.0921875 0.140625
2 0.56796875 0.33671875 0.06875 0.0953125
2 0.63203125 0.24765625 0.059375 0.109375
1 0.61015625 0.54921875 0.0796875 0.115625
5 0.9078125 0.43828125 0.0984375 0.1390625