4 0.94921875 0.7640625 0.0890625 0.090625
4 0.721875 0.33046875 0.071875 0.0875
4 0.30390625 0.23359375 0.0578125 0.075
4 0.15546875 0.403125 0.0625 0.0875
4 0.91015625 0.6328125 0.1015625 0.084375
10 0.703125 0.7546875 0.08125 0.090625
10 0.3546875 0.55078125 0.065625 0.0875
10 0.64921875 0.484375 0.0671875 0.0875
10 0.38984375 0.28828125 0.05 0.075
10 0.29921875 0.31953125 0.0515625 0.08125
1 0.63359375 0.28828125 0.065625 0.0921875
1 0.4546875 0.6359375 0.065625 0.10625
7 0.45703125 0.315625 0.0671875 0.0875
0 0.1890625 0.740625 0.08125 0.13125
2 0.13125 0.5359375 0.0875 0.134375
2 0.690625 0.6390625 0.075 0.115625
3 0.465625 0.42265625 0.090625 0.15
7 0.83359375 0.35390625 0.0640625 0.084375
7 0.45390625 0.7453125 0.078125 0.1
9 0.59609375 0.72265625 0.1046875 0.16875
6 0.76875 0.39765625 0.06875 0.11875
6 0.359375 0.38984375 0.0625 0.10625
5 0.9078125 0.52578125 0.103125 0.1171875