4 0.0984375 0.834375 0.109375 0.075
4 0.13125 0.6984375 0.0890625 0.0734375
4 0.30078125 0.36015625 0.0625 0.0796875
4 0.71953125 0.2421875 0.059375 0.078125
4 0.8703125 0.4390625 0.06875 0.0734375
10 0.3796875 0.53359375 0.075 0.0765625
10 0.334375 0.821875 0.090625 0.0984375
10 0.66796875 0.5984375 0.065625 0.0828125
10 0.634375 0.309375 0.0484375 0.0859375
10 0.7296875 0.33828125 0.053125 0.0765625
1 0.38671875 0.3109375 0.065625 0.0890625
1 0.57109375 0.69765625 0.0609375 0.1046875
2 0.3453125 0.70234375 0.1 0.1015625
2 0.89140625 0.58984375 0.0875 0.1296875
9 0.4640625 0.20625 0.065625 0.1578125
11 0.453125 0.35390625 0.059375 0.1171875
7 0.1921875 0.3859375 0.0640625 0.08125
6 0.2578125 0.43984375 0.0703125 0.1078125
6 0.6640625 0.4359375 0.071875 0.115625
0 0.5671875 0.365625 0.05625 0.1109375
0 0.82890625 0.81328125 0.0859375 0.0984375
7 0.57421875 0.81796875 0.078125 0.1
8 0.47421875 0.60625 0.090625 0.109375
8 0.76484375 0.4859375 0.084375 0.1