4 0.8609375 0.78984375 0.078125 0.078125
4 0.66015625 0.36328125 0.0484375 0.08125
4 0.27734375 0.2828125 0.0640625 0.078125
4 0.1125 0.4546875 0.0640625 0.0953125
4 0.821875 0.67421875 0.0703125 0.0859375
10 0.63203125 0.78828125 0.0875 0.08125
10 0.58515625 0.52265625 0.0703125 0.06875
10 0.3265625 0.40234375 0.0640625 0.0734375
10 0.25 0.36484375 0.0578125 0.0796875
8 0.5828125 0.26171875 0.06875 0.09375
8 0.4984375 0.58984375 0.0765625 0.0953125
7 0.4 0.78984375 0.0859375 0.0921875
7 0.759375 0.3921875 0.0546875 0.0859375
9 0.80390625 0.55234375 0.121875 0.1390625
6 0.68984375 0.50625 0.065625 0.0953125
6 0.41796875 0.3140625 0.0765625 0.1015625
11 0.209375 0.50859375 0.0828125 0.1125
10 0.31171875 0.6 0.0828125 0.0828125
1 0.42421875 0.4390625 0.05625 0.075
1 0.72890625 0.275 0.08125 0.0984375
2 0.61875 0.67890625 0.084375 0.1015625
2 0.09921875 0.59375 0.0859375 0.121875
5 0.13125 0.36328125 0.0828125 0.10625
3 0.509375 0.4296875 0.06875 0.1546875
0 0.49765625 0.3078125 0.0578125 0.109375
0 0.2265625 0.77890625 0.078125 0.1265625