7 0.94375 0.74375 0.1125 0.0984375
7 0.4296875 0.465625 0.0484375 0.0984375
8 0.8734375 0.5390625 0.0953125 0.10625
8 0.434375 0.3625 0.0609375 0.096875
11 0.8359375 0.3546875 0.090625 0.1078125
9 0.63046875 0.4390625 0.0890625 0.146875
0 0.61015625 0.29453125 0.0796875 0.1125
0 0.08203125 0.56484375 0.0609375 0.1140625
1 0.06015625 0.790625 0.1109375 0.11875
1 0.68984375 0.76640625 0.0953125 0.1015625
6 0.41875 0.55390625 0.0515625 0.10625
6 0.315625 0.2984375 0.0359375 0.109375
2 0.56875 0.634375 0.0875 0.0953125
2 0.75078125 0.44375 0.0625 0.1140625
5 0.12421875 0.3828125 0.0953125 0.1265625
4 0.4359375 0.7625 0.0734375 0.0859375
4 0.1984375 0.7765625 0.0921875 0.08125
4 0.23984375 0.4 0.034375 0.0859375
4 0.2609375 0.20078125 0.059375 0.0796875
4 0.79765625 0.21328125 0.06875 0.08125
10 0.684375 0.234375 0.0578125 0.0765625
10 0.52109375 0.30703125 0.0578125 0.0828125
10 0.4359375 0.25703125 0.0765625 0.075
10 0.12265625 0.2859375 0.046875 0.071875
10 0.8296875 0.75 0.0921875 0.0703125
3 0.53203125 0.1578125 0.0625 0.1625