0 0.8140625 0.54453125 0.08125 0.1296875
0 0.7625 0.2625 0.0625 0.1109375
7 0.69921875 0.46953125 0.0671875 0.096875
7 0.684375 0.35703125 0.05625 0.0921875
9 0.60703125 0.26328125 0.059375 0.15625
11 0.590625 0.45546875 0.071875 0.128125
8 0.57890625 0.640625 0.0796875 0.121875
8 0.19453125 0.2453125 0.053125 0.0984375
3 0.4359375 0.21953125 0.065625 0.146875
6 0.22109375 0.39765625 0.0734375 0.1296875
6 0.12890625 0.59765625 0.090625 0.1390625
2 0.4296875 0.3375 0.0671875 0.0953125
2 0.3640625 0.25 0.0578125 0.109375
1 0.390625 0.5515625 0.0765625 0.1140625
5 0.09140625 0.4453125 0.0953125 0.1375