0 0.815625 0.53359375 0.08125 0.1296875
0 0.7546875 0.253125 0.0625 0.1109375
7 0.69765625 0.46328125 0.0671875 0.096875
7 0.6796875 0.35078125 0.05625 0.0921875
9 0.59921875 0.26015625 0.059375 0.15625
11 0.5890625 0.45234375 0.071875 0.128125
8 0.58359375 0.6375 0.0796875 0.121875
8 0.18515625 0.25625 0.053125 0.0984375
3 0.4265625 0.221875 0.065625 0.146875
6 0.21796875 0.40703125 0.0734375 0.1296875
6 0.13203125 0.61015625 0.090625 0.1390625
2 0.4234375 0.340625 0.0671875 0.0953125
2 0.3546875 0.2546875 0.0578125 0.109375
1 0.3921875 0.5546875 0.0765625 0.1140625
5 0.08984375 0.459375 0.0953125 0.1375