10 0.36953125 0.5828125 0.0546875 0.06875
10 0.45625 0.503125 0.0515625 0.0703125
10 0.27578125 0.503125 0.0546875 0.0703125
10 0.2875 0.41328125 0.053125 0.0609375
10 0.2984375 0.35234375 0.0453125 0.046875
10 0.3140625 0.28125 0.046875 0.06875
10 0.3234375 0.21796875 0.0375 0.0390625
4 0.57578125 0.4125 0.0390625 0.078125
4 0.578125 0.2890625 0.0390625 0.06875
4 0.73984375 0.29453125 0.0328125 0.0578125
4 0.74375 0.42734375 0.0546875 0.071875
4 0.6796875 0.51953125 0.0421875 0.0703125
4 0.571875 0.7953125 0.075 0.0765625
4 0.80703125 0.8046875 0.05625 0.0890625
4 0.7234375 0.23671875 0.0453125 0.0625
5 0.86953125 0.415625 0.065625 0.1265625
3 0.79765625 0.571875 0.08125 0.1484375
1 0.9359375 0.80625 0.1078125 0.1
7 0.2234375 0.215625 0.0703125 0.0671875
7 0.07734375 0.77734375 0.0921875 0.071875
1 0.31953125 0.803125 0.078125 0.0984375
9 0.4828125 0.21484375 0.075 0.146875
11 0.1734375 0.4015625 0.078125 0.121875
8 0.14375 0.57421875 0.0953125 0.1
8 0.22265625 0.29140625 0.06875 0.071875
2 0.4421875 0.66875 0.0625 0.1
2 0.4828125 0.33671875 0.0546875 0.1015625
0 0.39296875 0.33359375 0.05625 0.0984375
0 0.3828125 0.4234375 0.0796875 0.090625
6 0.67734375 0.3390625 0.040625 0.11875
6 0.57578125 0.5828125 0.0609375 0.1125