0 0.06796875 0.6390625 0.1078125 0.1390625
0 0.16953125 0.271875 0.0859375 0.109375
9 0.33671875 0.2875 0.0890625 0.15625
3 0.5265625 0.21875 0.065625 0.15625
2 0.52578125 0.37109375 0.0734375 0.1015625
2 0.6109375 0.25546875 0.0765625 0.1109375
11 0.32421875 0.5296875 0.1046875 0.1328125
7 0.2421875 0.396875 0.0828125 0.0921875
1 0.53125 0.65234375 0.075 0.1
5 0.884375 0.521875 0.1125 0.128125
6 0.753125 0.4546875 0.0875 0.1140625
6 0.8125 0.73515625 0.0875 0.13125
8 0.31171875 0.759375 0.1078125 0.1171875
8 0.79609375 0.25390625 0.0796875 0.1140625