9 0.90546875 0.60390625 0.1265625 0.1703125
5 0.821875 0.42578125 0.09375 0.1328125
2 0.81640625 0.74453125 0.1125 0.1078125
3 0.5546875 0.3390625 0.0609375 0.134375
6 0.70078125 0.309375 0.0609375 0.1078125
11 0.1640625 0.4796875 0.0828125 0.1296875
7 0.28125 0.4375 0.053125 0.096875
7 0.22890625 0.65078125 0.075 0.10625
1 0.4640625 0.58046875 0.0515625 0.0828125
1 0.39453125 0.31953125 0.04375 0.0703125
8 0.4609375 0.425 0.065625 0.1078125
0 0.684375 0.5578125 0.06875 0.1296875
0 0.6609375 0.7140625 0.0828125 0.1234375
8 0.446875 0.7375 0.0828125 0.1109375
10 0.7875 0.28828125 0.05 0.0703125
10 0.3953125 0.25 0.0421875 0.05
10 0.3 0.315625 0.0515625 0.0765625
2 0.38671875 0.49296875 0.0609375 0.0890625
4 0.6265625 0.425 0.0421875 0.0625
10 0.47265625 0.2703125 0.0359375 0.0640625