4 0.9296875 0.6625 0.09375 0.0984375
10 0.19296875 0.603125 0.0921875 0.1046875
10 0.6859375 0.66796875 0.078125 0.1046875
10 0.12734375 0.23125 0.0671875 0.0765625
10 0.68046875 0.1359375 0.0671875 0.0703125
10 0.03046875 0.6828125 0.0515625 0.1078125
4 0.7921875 0.16953125 0.0625 0.0703125
4 0.6734375 0.20390625 0.0671875 0.071875
4 0.23984375 0.19765625 0.05 0.075
0 0.49921875 0.13125 0.059375 0.1203125
0 0.53203125 0.39453125 0.0859375 0.11875
2 0.5125 0.2421875 0.0734375 0.1
2 0.80546875 0.2421875 0.0765625 0.1125
8 0.73359375 0.38671875 0.0953125 0.1234375
8 0.16796875 0.13828125 0.065625 0.0984375
7 0.33984375 0.13046875 0.046875 0.0859375
7 0.42109375 0.6640625 0.078125 0.1125
6 0.41796875 0.4640625 0.0671875 0.1234375
6 0.734375 0.28359375 0.071875 0.0984375
1 0.4296875 0.303125 0.0609375 0.1
1 0.671875 0.55 0.0828125 0.103125
3 0.31875 0.221875 0.0640625 0.159375
5 0.88671875 0.50546875 0.1203125 0.1359375
11 0.18828125 0.4625 0.0953125 0.146875
9 0.07421875 0.315625 0.10625 0.1734375
4 0.05625 0.5546875 0.071875 0.0953125