4 0.9234375 0.67734375 0.090625 0.0953125
10 0.18984375 0.5921875 0.0890625 0.103125
10 0.6796875 0.67421875 0.075 0.1015625
10 0.13671875 0.21875 0.0640625 0.075
10 0.69296875 0.1421875 0.0640625 0.06875
10 0.02421875 0.66640625 0.0484375 0.10625
4 0.80390625 0.1796875 0.059375 0.06875
4 0.68359375 0.21015625 0.0640625 0.0703125
4 0.25078125 0.1890625 0.046875 0.071875
0 0.51171875 0.13125 0.0546875 0.11875
0 0.5359375 0.39609375 0.08125 0.115625
2 0.52109375 0.24296875 0.0703125 0.096875
2 0.8140625 0.253125 0.071875 0.109375
8 0.7375 0.3953125 0.090625 0.121875
8 0.18046875 0.1265625 0.0625 0.096875
7 0.353125 0.125 0.04375 0.084375
7 0.415625 0.6609375 0.075 0.109375
6 0.41953125 0.4609375 0.0625 0.121875
6 0.74140625 0.2921875 0.06875 0.096875
1 0.43671875 0.30078125 0.0578125 0.0984375
1 0.6703125 0.55625 0.078125 0.1
3 0.32890625 0.215625 0.059375 0.15625
5 0.8859375 0.51875 0.115625 0.13125
11 0.18984375 0.4515625 0.090625 0.14375
9 0.08125 0.30078125 0.1 0.1703125
4 0.0546875 0.5390625 0.06875 0.09375