4 0.0828125 0.6921875 0.09375 0.0984375
10 0.81328125 0.58125 0.0921875 0.1046875
10 0.3265625 0.68046875 0.078125 0.1046875
10 0.853125 0.20625 0.0671875 0.0765625
10 0.29453125 0.14921875 0.0671875 0.0703125
10 0.97734375 0.64921875 0.0453125 0.1078125
4 0.18515625 0.190625 0.0625 0.0703125
4 0.30625 0.21640625 0.0671875 0.071875
4 0.73828125 0.18046875 0.05 0.075
0 0.47578125 0.13203125 0.059375 0.1203125
0 0.46015625 0.39765625 0.0859375 0.11875
2 0.4703125 0.24375 0.0734375 0.1
2 0.17734375 0.2640625 0.0765625 0.1125
8 0.259375 0.40390625 0.0953125 0.1234375
8 0.80625 0.115625 0.065625 0.0984375
7 0.63359375 0.1203125 0.046875 0.0859375
7 0.58984375 0.6578125 0.078125 0.1125
6 0.57890625 0.4578125 0.0671875 0.1234375
6 0.2515625 0.30078125 0.071875 0.0984375
1 0.55625 0.2984375 0.0609375 0.1
1 0.33203125 0.5625 0.0828125 0.103125
3 0.6609375 0.21015625 0.0640625 0.159375
5 0.11484375 0.53203125 0.1203125 0.1359375
11 0.80859375 0.440625 0.0953125 0.146875
9 0.91171875 0.2859375 0.10625 0.1734375
4 0.94609375 0.5234375 0.071875 0.0953125