9 0.09609375 0.6109375 0.1234375 0.16875
5 0.1765625 0.43125 0.090625 0.13125
2 0.18828125 0.75 0.1109375 0.10625
3 0.4421875 0.33984375 0.059375 0.1328125
6 0.29609375 0.31328125 0.059375 0.10625
11 0.83515625 0.47421875 0.08125 0.128125
7 0.71796875 0.43359375 0.0515625 0.0953125
7 0.7734375 0.64609375 0.071875 0.1046875
1 0.5375 0.5796875 0.05 0.08125
1 0.60234375 0.31796875 0.0421875 0.0703125
8 0.5375 0.42421875 0.0625 0.10625
0 0.31640625 0.5609375 0.0671875 0.128125
0 0.34296875 0.7171875 0.08125 0.121875
8 0.55703125 0.73671875 0.08125 0.109375
10 0.20859375 0.29296875 0.0484375 0.06875
10 0.6 0.2484375 0.040625 0.05
10 0.696875 0.3125 0.05 0.075
2 0.61328125 0.490625 0.059375 0.0875
4 0.371875 0.42734375 0.040625 0.0625
10 0.5234375 0.26953125 0.034375 0.0640625