4 0.8953125 0.84140625 0.1109375 0.0765625
4 0.86484375 0.7046875 0.090625 0.075
4 0.7015625 0.3640625 0.0640625 0.0796875
4 0.28515625 0.23828125 0.0609375 0.078125
4 0.13125 0.43203125 0.0703125 0.0734375
10 0.6203125 0.53515625 0.0765625 0.078125
10 0.66015625 0.82421875 0.0921875 0.1
10 0.33046875 0.5953125 0.0671875 0.0828125
10 0.36953125 0.30703125 0.05 0.0859375
10 0.27265625 0.334375 0.0546875 0.0765625
1 0.61640625 0.31328125 0.0671875 0.090625
1 0.425 0.696875 0.0625 0.1046875
2 0.65078125 0.70546875 0.1015625 0.103125
2 0.10703125 0.58359375 0.090625 0.13125
9 0.540625 0.20703125 0.0671875 0.1578125
11 0.55 0.3546875 0.0625 0.1171875
7 0.809375 0.39140625 0.065625 0.08125
6 0.74375 0.44453125 0.071875 0.1078125
6 0.3375 0.43359375 0.075 0.1171875
0 0.43515625 0.36484375 0.0578125 0.1109375
0 0.165625 0.80703125 0.0875 0.1
7 0.4203125 0.8171875 0.0796875 0.1015625
8 0.5234375 0.60625 0.0921875 0.1109375
8 0.2359375 0.48125 0.0859375 0.1015625