1 0.92265625 0.7515625 0.0984375 0.090625
9 0.79921875 0.3171875 0.103125 0.146875
3 0.38671875 0.21640625 0.06875 0.1453125
7 0.7609375 0.4671875 0.0765625 0.096875
7 0.2015625 0.2953125 0.0578125 0.0984375
8 0.609375 0.275 0.071875 0.1015625
8 0.290625 0.34609375 0.078125 0.1
2 0.65234375 0.40390625 0.0796875 0.1015625
2 0.565625 0.55390625 0.075 0.1078125
11 0.80390625 0.62421875 0.134375 0.1421875
6 0.45390625 0.32109375 0.06875 0.1109375
0 0.365625 0.41484375 0.0859375 0.1125
1 0.37578125 0.65 0.0875 0.1
5 0.24921875 0.57109375 0.0953125 0.128125