4 0.084375 0.76484375 0.0859375 0.0796875
4 0.93125 0.66640625 0.0859375 0.078125
4 0.7546875 0.28984375 0.0375 0.0796875
4 0.21015625 0.2359375 0.0734375 0.075
4 0.32890625 0.26953125 0.0484375 0.0671875
10 0.32890625 0.203125 0.0515625 0.0640625
10 0.47578125 0.40625 0.0546875 0.0859375
10 0.4 0.32890625 0.0453125 0.071875
10 0.8734375 0.315625 0.0609375 0.0625
10 0.33203125 0.77109375 0.0703125 0.084375
7 0.58359375 0.77265625 0.0828125 0.0890625
7 0.36484375 0.5734375 0.05625 0.084375
11 0.17890625 0.37421875 0.0859375 0.1171875
9 0.815625 0.5546875 0.11875 0.1515625
6 0.6875 0.32109375 0.0578125 0.0921875
6 0.59296875 0.56484375 0.0609375 0.121875
8 0.275 0.46640625 0.078125 0.1046875
2 0.6421875 0.21328125 0.0578125 0.0984375
2 0.11796875 0.628125 0.0984375 0.109375
0 0.50546875 0.203125 0.0390625 0.1078125
0 0.67265625 0.4078125 0.0484375 0.1015625
1 0.58125 0.39140625 0.0609375 0.0953125
1 0.709375 0.490625 0.05625 0.0890625
3 0.84609375 0.78203125 0.1453125 0.146875
3 0.825 0.22890625 0.0640625 0.0984375
5 0.87890625 0.40703125 0.096875 0.1296875