1 0.91796875 0.759375 0.096875 0.0890625
9 0.80234375 0.32265625 0.1015625 0.1453125
3 0.3921875 0.2140625 0.065625 0.1453125
7 0.7609375 0.471875 0.075 0.0953125
7 0.2046875 0.290625 0.05625 0.0984375
8 0.61328125 0.2765625 0.0703125 0.1015625
8 0.29296875 0.34296875 0.0765625 0.0984375
2 0.65390625 0.40703125 0.078125 0.1
2 0.56484375 0.55546875 0.0734375 0.10625
11 0.8015625 0.62890625 0.1328125 0.140625
6 0.45703125 0.3203125 0.0671875 0.1109375
0 0.3671875 0.4125 0.084375 0.1109375
1 0.37265625 0.64765625 0.0859375 0.0984375
5 0.24765625 0.5671875 0.0921875 0.1265625