7 0.934375 0.759375 0.1125 0.0984375
7 0.43125 0.4625 0.0484375 0.0984375
8 0.871875 0.5515625 0.0953125 0.10625
8 0.4390625 0.3609375 0.0609375 0.096875
11 0.840625 0.3671875 0.090625 0.1078125
9 0.63203125 0.44375 0.0890625 0.146875
0 0.61796875 0.29921875 0.0796875 0.1125
0 0.08046875 0.55078125 0.0609375 0.1140625
1 0.053125 0.775 0.10625 0.11875
1 0.68046875 0.77265625 0.0953125 0.1015625
6 0.4171875 0.55078125 0.0515625 0.10625
6 0.3234375 0.2921875 0.0359375 0.109375
2 0.5640625 0.63671875 0.0875 0.0953125
2 0.75234375 0.453125 0.0625 0.1140625
5 0.12890625 0.3703125 0.0953125 0.1265625
4 0.4265625 0.76015625 0.0734375 0.0859375
4 0.1890625 0.765625 0.0921875 0.08125
4 0.24296875 0.390625 0.034375 0.0859375
4 0.271875 0.19296875 0.059375 0.0796875
4 0.80703125 0.22421875 0.06875 0.08125
10 0.69375 0.240625 0.0578125 0.0765625
10 0.52734375 0.30859375 0.0578125 0.0828125
10 0.44375 0.25546875 0.0765625 0.075
10 0.13046875 0.2734375 0.046875 0.071875
10 0.8203125 0.7609375 0.0921875 0.0703125
3 0.54453125 0.159375 0.0625 0.1625