1 0.08671875 0.76640625 0.0953125 0.0875
9 0.19453125 0.328125 0.0984375 0.14375
3 0.603125 0.2125 0.0625 0.14375
7 0.23828125 0.4765625 0.0734375 0.09375
7 0.79140625 0.28515625 0.0546875 0.096875
8 0.3828125 0.27890625 0.06875 0.1
8 0.70390625 0.3390625 0.075 0.096875
2 0.34453125 0.409375 0.0765625 0.1
2 0.4359375 0.55625 0.071875 0.10625
11 0.20078125 0.634375 0.1296875 0.1375
6 0.53984375 0.31953125 0.065625 0.109375
0 0.63125 0.41015625 0.08125 0.109375
1 0.6296875 0.6453125 0.084375 0.096875
5 0.753125 0.5625 0.090625 0.125