4 0.89609375 0.81171875 0.0890625 0.090625
4 0.690625 0.2921875 0.0609375 0.0734375
4 0.26171875 0.2578125 0.053125 0.084375
4 0.11875 0.39375 0.059375 0.084375
4 0.05546875 0.62578125 0.0734375 0.1015625
10 0.29140625 0.6796875 0.0859375 0.0890625
10 0.19765625 0.5484375 0.0578125 0.078125
10 0.146875 0.278125 0.05625 0.0828125
10 0.36796875 0.20703125 0.046875 0.0890625
10 0.659375 0.80078125 0.0859375 0.0859375
7 0.85390625 0.48828125 0.1015625 0.0921875
7 0.39296875 0.78125 0.078125 0.1046875
8 0.80078125 0.28828125 0.0703125 0.096875
8 0.190625 0.1921875 0.0703125 0.1015625
1 0.7015625 0.2125 0.0765625 0.0796875
1 0.54140625 0.215625 0.065625 0.1
6 0.74296875 0.4046875 0.084375 0.11875
6 0.31953125 0.46328125 0.0765625 0.121875
0 0.52265625 0.33515625 0.053125 0.1078125
0 0.53046875 0.49375 0.0796875 0.1171875
2 0.334375 0.32890625 0.0796875 0.1203125
2 0.22734375 0.38203125 0.075 0.128125
9 0.446875 0.2390625 0.075 0.1640625
11 0.42734375 0.56484375 0.0890625 0.13125
3 0.659375 0.63984375 0.1109375 0.146875
5 0.86640625 0.6375 0.1296875 0.1265625