4 0.15546875 0.80859375 0.0796875 0.0796875
4 0.3328125 0.371875 0.05 0.08125
4 0.7109375 0.27109375 0.065625 0.078125
4 0.884375 0.434375 0.065625 0.0953125
4 0.1875 0.690625 0.071875 0.0875
10 0.3828125 0.79453125 0.0890625 0.0828125
10 0.41640625 0.52734375 0.0703125 0.0703125
10 0.66796875 0.39296875 0.065625 0.0734375
10 0.74296875 0.3515625 0.059375 0.0796875
8 0.4046875 0.26640625 0.0703125 0.09375
8 0.50625 0.58984375 0.078125 0.096875
7 0.61484375 0.784375 0.0859375 0.09375
7 0.2359375 0.40625 0.05625 0.0859375
9 0.19921875 0.56796875 0.125 0.1421875
6 0.3109375 0.515625 0.0671875 0.0953125
6 0.57265625 0.31015625 0.078125 0.103125
11 0.790625 0.49375 0.084375 0.1140625
10 0.69296875 0.58984375 0.084375 0.084375
1 0.57265625 0.43515625 0.0578125 0.0765625
1 0.259375 0.2875 0.0828125 0.1
2 0.390625 0.68515625 0.0859375 0.103125
2 0.90546875 0.57265625 0.0890625 0.1234375
5 0.8609375 0.34453125 0.084375 0.1078125
3 0.48671875 0.43046875 0.0703125 0.1546875
0 0.4921875 0.3078125 0.059375 0.1109375
0 0.7875 0.7640625 0.0796875 0.128125