7 0.05625 0.74375 0.1125 0.0984375
7 0.5703125 0.465625 0.0484375 0.0984375
8 0.1265625 0.5390625 0.0953125 0.10625
8 0.565625 0.3625 0.0609375 0.096875
11 0.1640625 0.3546875 0.090625 0.1078125
9 0.36953125 0.4390625 0.0890625 0.146875
0 0.38984375 0.29453125 0.0796875 0.1125
0 0.91796875 0.56484375 0.0609375 0.1140625
1 0.93984375 0.790625 0.1109375 0.11875
1 0.31015625 0.76640625 0.0953125 0.1015625
6 0.58125 0.55390625 0.0515625 0.10625
6 0.684375 0.2984375 0.0359375 0.109375
2 0.43125 0.634375 0.0875 0.0953125
2 0.24921875 0.44375 0.0625 0.1140625
5 0.87578125 0.3828125 0.0953125 0.1265625
4 0.5640625 0.7625 0.0734375 0.0859375
4 0.8015625 0.7765625 0.0921875 0.08125
4 0.76015625 0.4 0.034375 0.0859375
4 0.7390625 0.20078125 0.059375 0.0796875
4 0.20234375 0.21328125 0.06875 0.08125
10 0.315625 0.234375 0.0578125 0.0765625
10 0.47890625 0.30703125 0.0578125 0.0828125
10 0.5640625 0.25703125 0.0765625 0.075
10 0.87734375 0.2859375 0.046875 0.071875
10 0.1703125 0.75 0.0921875 0.0703125
3 0.46796875 0.1578125 0.0625 0.1625