0 0.065625 0.63125 0.10625 0.1375
0 0.1734375 0.26640625 0.084375 0.1078125
9 0.340625 0.284375 0.0875 0.15625
3 0.53125 0.21953125 0.0625 0.1546875
2 0.528125 0.371875 0.071875 0.1
2 0.61484375 0.2578125 0.075 0.109375
11 0.3234375 0.5265625 0.103125 0.13125
7 0.24375 0.3921875 0.08125 0.090625
1 0.52890625 0.653125 0.0734375 0.1
5 0.88359375 0.52890625 0.1109375 0.1265625
6 0.75390625 0.459375 0.0859375 0.1125
6 0.80859375 0.740625 0.0859375 0.13125
8 0.30703125 0.75625 0.10625 0.115625
8 0.8 0.259375 0.078125 0.1125