10 0.62578125 0.58984375 0.0546875 0.06875
10 0.54375 0.50546875 0.053125 0.0703125
10 0.72421875 0.51484375 0.05625 0.0703125
10 0.7171875 0.425 0.0546875 0.0609375
10 0.70859375 0.36328125 0.0453125 0.0484375
10 0.696875 0.29140625 0.0484375 0.0703125
10 0.690625 0.22734375 0.0390625 0.040625
4 0.42890625 0.40859375 0.040625 0.078125
4 0.43359375 0.28515625 0.040625 0.0703125
4 0.271875 0.2828125 0.0328125 0.0578125
4 0.2609375 0.41484375 0.05625 0.0734375
4 0.31953125 0.51015625 0.04375 0.071875
4 0.4125 0.790625 0.0765625 0.078125
4 0.17734375 0.78828125 0.0578125 0.0890625
4 0.290625 0.225 0.046875 0.0640625
5 0.13515625 0.396875 0.06875 0.1265625
3 0.1984375 0.55625 0.0828125 0.15
1 0.0515625 0.78203125 0.103125 0.1015625
7 0.790625 0.23046875 0.071875 0.06875
7 0.9078125 0.7984375 0.09375 0.071875
1 0.6640625 0.8125 0.0796875 0.1
9 0.53203125 0.215625 0.0765625 0.1484375
11 0.83125 0.41875 0.0796875 0.1234375
8 0.8515625 0.59296875 0.096875 0.1015625
8 0.78828125 0.30625 0.0703125 0.071875
2 0.5484375 0.67109375 0.0640625 0.1
2 0.52578125 0.3375 0.05625 0.1015625
0 0.615625 0.3390625 0.0578125 0.0984375
0 0.62109375 0.4296875 0.08125 0.0921875
6 0.33125 0.3296875 0.04375 0.1203125
6 0.41953125 0.578125 0.0625 0.1140625