4 0.04609375 0.75625 0.090625 0.0921875
4 0.28125 0.3265625 0.0734375 0.0890625
4 0.70078125 0.23671875 0.059375 0.0765625
4 0.84609375 0.409375 0.0640625 0.0875
4 0.0875 0.62578125 0.103125 0.0859375
10 0.2921875 0.75078125 0.0828125 0.0921875
10 0.64453125 0.553125 0.0671875 0.0890625
10 0.35078125 0.48203125 0.06875 0.0875
10 0.6140625 0.290625 0.0515625 0.0765625
10 0.70390625 0.3234375 0.053125 0.0828125
1 0.3703125 0.2859375 0.0671875 0.09375
1 0.54296875 0.63671875 0.06875 0.1078125
7 0.54609375 0.31640625 0.06875 0.0875
0 0.80703125 0.74609375 0.0828125 0.13125
2 0.86796875 0.5421875 0.0890625 0.134375
2 0.30703125 0.6359375 0.0765625 0.115625
3 0.5359375 0.4234375 0.09375 0.1515625
7 0.16875 0.3484375 0.065625 0.0859375
7 0.5421875 0.74609375 0.0796875 0.1015625
9 0.4 0.72109375 0.1078125 0.1703125
6 0.2328125 0.39296875 0.071875 0.1203125
6 0.6421875 0.3921875 0.065625 0.1078125
5 0.0921875 0.51875 0.1046875 0.11875