4 0.0875 0.8203125 0.109375 0.075
4 0.125 0.6859375 0.0890625 0.0734375
4 0.30546875 0.35390625 0.0625 0.0796875
4 0.72890625 0.25 0.059375 0.078125
4 0.871875 0.4515625 0.06875 0.0734375
10 0.378125 0.52890625 0.075 0.0765625
10 0.3234375 0.815625 0.090625 0.0984375
10 0.66484375 0.6046875 0.065625 0.0828125
10 0.640625 0.3140625 0.0484375 0.0859375
10 0.73515625 0.34609375 0.053125 0.0765625
1 0.39296875 0.3078125 0.065625 0.0890625
1 0.56484375 0.7 0.0609375 0.1046875
2 0.3390625 0.696875 0.1 0.1015625
2 0.88828125 0.60390625 0.0875 0.1296875
9 0.475 0.2046875 0.065625 0.1578125
11 0.4578125 0.35234375 0.059375 0.1171875
7 0.196875 0.375 0.0640625 0.08125
6 0.259375 0.43203125 0.0703125 0.1078125
6 0.665625 0.4421875 0.071875 0.115625
0 0.571875 0.36875 0.05625 0.1109375
0 0.81796875 0.82421875 0.0859375 0.0984375
7 0.56328125 0.8203125 0.078125 0.1
8 0.47109375 0.6046875 0.090625 0.109375
8 0.76484375 0.4953125 0.084375 0.1