4 0.7078125 0.23747390396659707 0.071875 0.09498956158663883
4 0.63671875 0.3168058455114823 0.0546875 0.10751565762004175
4 0.55546875 0.4044885177453027 0.0609375 0.09916492693110647
4 0.552734375 0.16544885177453028 0.05546875 0.09081419624217119
4 0.68828125 0.08872651356993737 0.0609375 0.09812108559498957
4 0.73515625 0.5234864300626305 0.071875 0.10438413361169102
4 0.778515625 0.6289144050104384 0.08046875 0.10542797494780794
4 0.77734375 0.7776617954070981 0.078125 0.12108559498956159
5 0.475390625 0.07985386221294363 0.0546875 0.1534446764091858
3 0.841796875 0.2907098121085595 0.11796875 0.1951983298538622
0 0.864453125 0.5130480167014614 0.10390625 0.12526096033402923
0 0.564453125 0.5271398747390397 0.07421875 0.12108559498956159
1 0.776171875 0.08872651356993737 0.0546875 0.10855949895615867
1 0.899609375 0.778705636743215 0.109375 0.12317327766179541
10 0.264453125 0.6435281837160751 0.06484375 0.11482254697286012
10 0.2609375 0.5313152400835073 0.06640625 0.1022964509394572
10 0.28828125 0.42275574112734865 0.071875 0.10020876826722339
10 0.311328125 0.319937369519833 0.06484375 0.11169102296450939
10 0.322265625 0.1732776617954071 0.07421875 0.09916492693110647
10 0.33125 0.0965553235908142 0.05078125 0.09290187891440502
10 0.47265625 0.23903966597077245 0.0578125 0.10960334029227557
10 0.462109375 0.7687891440501043 0.08359375 0.10125260960334029
7 0.35234375 0.7687891440501043 0.09765625 0.12212943632567849
7 0.248828125 0.09916492693110647 0.07265625 0.10020876826722339
6 0.15625 0.5271398747390397 0.0984375 0.1315240083507307
6 0.221484375 0.23643006263048016 0.06015625 0.1325678496868476
11 0.177734375 0.4003131524008351 0.09453125 0.1430062630480167
9 0.177734375 0.2870563674321503 0.07890625 0.18789144050104384
8 0.393359375 0.23068893528183715 0.06484375 0.12004175365344467
8 0.383984375 0.5046972860125261 0.09140625 0.12839248434237996
2 0.680859375 0.7917536534446764 0.0703125 0.11482254697286012
2 0.787890625 0.15501043841336118 0.09140625 0.11169102296450939