1 0.132421875 0.7828810020876826 0.10234375 0.08872651356993737
1 0.237109375 0.12004175365344467 0.0609375 0.10020876826722339
3 0.18828125 0.31524008350730687 0.11328125 0.17640918580375783
4 0.315234375 0.11899791231732777 0.05859375 0.0918580375782881
4 0.296875 0.2536534446764092 0.05234375 0.0918580375782881
4 0.37421875 0.33716075156576203 0.05546875 0.08455114822546973
4 0.44765625 0.18580375782881003 0.0484375 0.09498956158663883
4 0.456640625 0.4211899791231733 0.05234375 0.09394572025052192
4 0.45078125 0.6325678496868476 0.06328125 0.08455114822546973
4 0.286328125 0.5407098121085595 0.0671875 0.08872651356993737
4 0.257421875 0.761482254697286 0.07109375 0.09081419624217119
2 0.34921875 0.7839248434237995 0.07578125 0.10751565762004175
2 0.37421875 0.24373695198329853 0.06640625 0.11482254697286012
0 0.250390625 0.6289144050104384 0.0953125 0.12421711899791232
0 0.603125 0.3115866388308977 0.0640625 0.12108559498956159
5 0.51953125 0.0918580375782881 0.0515625 0.14718162839248433
10 0.553515625 0.7667014613778705 0.06484375 0.09707724425887265
10 0.733984375 0.6200417536534447 0.0546875 0.08977035490605428
10 0.627734375 0.5234864300626305 0.0609375 0.09707724425887265
10 0.684375 0.3220250521920668 0.0546875 0.09707724425887265
10 0.664453125 0.18058455114822547 0.04921875 0.09812108559498957
10 0.666015625 0.10647181628392484 0.0515625 0.06889352818371608
10 0.543359375 0.4363256784968685 0.05859375 0.09290187891440502
10 0.526171875 0.2453027139874739 0.0515625 0.0824634655532359
8 0.520703125 0.3397703549060543 0.0578125 0.11064718162839249
8 0.6046875 0.23225469728601253 0.05625 0.10960334029227557
7 0.737890625 0.10490605427974947 0.0578125 0.10751565762004175
7 0.653125 0.7489561586638831 0.0796875 0.11482254697286012
11 0.634765625 0.40396659707724425 0.08359375 0.1440501043841336
6 0.834375 0.5255741127348643 0.09140625 0.12526096033402923
6 0.76484375 0.24269311064718163 0.06953125 0.12317327766179541
9 0.798828125 0.2948851774530271 0.09453125 0.17118997912317327