4 0.761328125 0.7907098121085595 0.07421875 0.0918580375782881
4 0.768359375 0.6544885177453027 0.07265625 0.10125260960334029
4 0.72734375 0.552713987473904 0.0796875 0.09603340292275574
4 0.7265625 0.4279749478079332 0.0609375 0.09290187891440502
4 0.722265625 0.34707724425887265 0.05546875 0.09081419624217119
4 0.712890625 0.25835073068893527 0.05859375 0.09290187891440502
4 0.7046875 0.19363256784968685 0.05703125 0.09290187891440502
4 0.696484375 0.1174321503131524 0.04921875 0.09394572025052192
10 0.209375 0.774008350730689 0.08125 0.09916492693110647
10 0.259765625 0.6377870563674322 0.0765625 0.10751565762004175
10 0.253515625 0.5271398747390397 0.06328125 0.09916492693110647
10 0.286328125 0.430062630480167 0.0609375 0.09290187891440502
10 0.314453125 0.32724425887265135 0.06015625 0.10647181628392484
10 0.3203125 0.24112734864300625 0.04921875 0.08037578288100208
10 0.337109375 0.18110647181628392 0.04296875 0.08350730688935282
10 0.34296875 0.10908141962421712 0.0421875 0.0824634655532359
1 0.891796875 0.8188935281837161 0.10703125 0.11586638830897704
1 0.773046875 0.12734864300626306 0.0625 0.08663883089770355
2 0.877734375 0.6743215031315241 0.10546875 0.11482254697286012
2 0.797265625 0.1722338204592902 0.0609375 0.0824634655532359
0 0.855859375 0.5495824634655533 0.1046875 0.13465553235908143
0 0.80703125 0.24269311064718163 0.06953125 0.11586638830897704
5 0.8390625 0.4201461377870564 0.10390625 0.1524008350730689
3 0.8296875 0.319937369519833 0.1046875 0.19624217118997914
7 0.140234375 0.7599164926931107 0.06484375 0.09916492693110647
7 0.259765625 0.09446764091858037 0.05234375 0.07515657620041753
8 0.128125 0.615866388308977 0.0890625 0.12212943632567849
6 0.149609375 0.524008350730689 0.09296875 0.11795407098121086
6 0.229296875 0.23695198329853862 0.065625 0.10960334029227557
11 0.180078125 0.40083507306889354 0.1015625 0.15031315240083507
9 0.190234375 0.2896659707724426 0.0953125 0.17118997912317327
8 0.252734375 0.16910229645093947 0.06953125 0.12526096033402923