4 0.714453125 0.24739039665970772 0.07421875 0.09812108559498957
4 0.64140625 0.32306889352818374 0.0578125 0.11064718162839249
4 0.5578125 0.407098121085595 0.06328125 0.1022964509394572
4 0.561328125 0.16805845511482254 0.0578125 0.09290187891440502
4 0.698828125 0.0975991649269311 0.06328125 0.10020876826722339
4 0.734375 0.534446764091858 0.07421875 0.10751565762004175
4 0.775 0.6419624217118998 0.08359375 0.10960334029227557
4 0.769921875 0.7901878914405011 0.08125 0.12526096033402923
5 0.486328125 0.07933194154488518 0.05859375 0.15553235908141963
3 0.846875 0.30636743215031315 0.1234375 0.20041753653444677
0 0.8640625 0.5302713987473904 0.10703125 0.1304801670146138
0 0.563671875 0.5302713987473904 0.07734375 0.12526096033402923
1 0.78671875 0.10177453027139875 0.0578125 0.11064718162839249
1 0.8921875 0.7969728601252609 0.1125 0.12839248434237996
10 0.260546875 0.6325678496868476 0.06796875 0.11795407098121086
10 0.260546875 0.5203549060542797 0.06875 0.10542797494780794
10 0.290625 0.41283924843423797 0.07421875 0.10334029227557412
10 0.316015625 0.3115866388308977 0.06796875 0.11482254697286012
10 0.330859375 0.1649269311064718 0.0765625 0.1022964509394572
10 0.3421875 0.08872651356993737 0.053125 0.09498956158663883
10 0.479296875 0.23799582463465555 0.06015625 0.1127348643006263
10 0.455078125 0.767223382045929 0.0859375 0.10542797494780794
7 0.3453125 0.7620041753653445 0.10078125 0.12630480167014613
7 0.259375 0.08768267223382047 0.075 0.10438413361169102
6 0.155859375 0.5109603340292276 0.10234375 0.13674321503131523
6 0.228515625 0.22390396659707723 0.06328125 0.13465553235908143
11 0.18046875 0.38517745302713985 0.0984375 0.14718162839248433
9 0.18359375 0.2719206680584551 0.084375 0.19102296450939457
8 0.400390625 0.2254697286012526 0.06796875 0.12317327766179541
8 0.383984375 0.4989561586638831 0.09453125 0.1325678496868476
2 0.6734375 0.7995824634655533 0.0734375 0.11795407098121086
2 0.796484375 0.16858037578288101 0.09375 0.11586638830897704