1 0.12890625 0.774008350730689 0.1015625 0.08663883089770355
1 0.2421875 0.11377870563674322 0.059375 0.09916492693110647
3 0.190625 0.3079331941544885 0.1109375 0.1732776617954071
4 0.3203125 0.11482254697286012 0.0578125 0.08977035490605428
4 0.3 0.2489561586638831 0.05078125 0.09081419624217119
4 0.376171875 0.33402922755741127 0.0546875 0.08350730688935282
4 0.451953125 0.18423799582463465 0.046875 0.09394572025052192
4 0.4578125 0.4201461377870564 0.05078125 0.09290187891440502
4 0.44921875 0.6315240083507306 0.0625 0.08350730688935282
4 0.2859375 0.5360125260960334 0.06640625 0.08663883089770355
4 0.25390625 0.755741127348643 0.0703125 0.08872651356993737
2 0.345703125 0.7802713987473904 0.07421875 0.10542797494780794
2 0.377734375 0.24112734864300625 0.06484375 0.1127348643006263
0 0.248828125 0.622651356993737 0.09375 0.12212943632567849
0 0.60546875 0.31419624217118997 0.0625 0.12004175365344467
5 0.524609375 0.09237995824634655 0.04921875 0.14613778705636743
10 0.55 0.7682672233820459 0.0640625 0.09603340292275574
10 0.732421875 0.6252609603340292 0.05390625 0.08872651356993737
10 0.627734375 0.5260960334029228 0.06015625 0.09603340292275574
10 0.68671875 0.32620041753653445 0.053125 0.09498956158663883
10 0.66875 0.18423799582463465 0.0484375 0.09707724425887265
10 0.67109375 0.11064718162839249 0.05078125 0.06784968684759916
10 0.544140625 0.4373695198329854 0.05703125 0.0918580375782881
10 0.529296875 0.24634655532359082 0.05078125 0.081419624217119
8 0.52265625 0.34029227557411273 0.05625 0.10960334029227557
8 0.608203125 0.2348643006263048 0.0546875 0.10855949895615867
7 0.74296875 0.11064718162839249 0.05625 0.10647181628392484
7 0.649609375 0.7526096033402923 0.078125 0.1127348643006263
11 0.6359375 0.407098121085595 0.08203125 0.1419624217118998
6 0.833984375 0.5334029227557411 0.08984375 0.12317327766179541
6 0.768359375 0.2489561586638831 0.06796875 0.12212943632567849
9 0.8015625 0.30167014613778703 0.0921875 0.16910229645093947