4 0.765234375 0.7849686847599165 0.07265625 0.09081419624217119
4 0.7703125 0.6482254697286013 0.071875 0.09916492693110647
4 0.728125 0.5474947807933194 0.078125 0.09394572025052192
4 0.72578125 0.42275574112734865 0.059375 0.0918580375782881
4 0.7203125 0.3418580375782881 0.0546875 0.08977035490605428
4 0.709765625 0.2536534446764092 0.05703125 0.0918580375782881
4 0.70078125 0.18893528183716074 0.05625 0.0918580375782881
4 0.69140625 0.11325678496868476 0.0484375 0.09290187891440502
10 0.21328125 0.7807933194154488 0.08046875 0.09812108559498957
10 0.26171875 0.6435281837160751 0.07578125 0.10647181628392484
10 0.25390625 0.5328810020876826 0.0625 0.09707724425887265
10 0.28515625 0.4352818371607516 0.06015625 0.0918580375782881
10 0.312109375 0.331419624217119 0.05859375 0.10542797494780794
10 0.3171875 0.2453027139874739 0.04765625 0.07933194154488518
10 0.3328125 0.1847599164926931 0.04140625 0.0824634655532359
10 0.337890625 0.1127348643006263 0.04140625 0.081419624217119
1 0.895703125 0.8094989561586639 0.10546875 0.11377870563674322
1 0.76796875 0.12108559498956159 0.0609375 0.08455114822546973
2 0.880078125 0.6654488517745303 0.1046875 0.11169102296450939
2 0.79296875 0.1649269311064718 0.059375 0.081419624217119
0 0.85625 0.5417536534446764 0.103125 0.1325678496868476
0 0.803515625 0.2359081419624217 0.06796875 0.11482254697286012
5 0.837890625 0.4123173277661795 0.10234375 0.15031315240083507
3 0.82734375 0.31210855949895616 0.10234375 0.1931106471816284
7 0.14375 0.7682672233820459 0.0640625 0.09707724425887265
7 0.2546875 0.10020876826722339 0.0515625 0.07411273486430063
8 0.1296875 0.6247390396659708 0.0875 0.12004175365344467
6 0.15 0.5318371607515657 0.09140625 0.11586638830897704
6 0.22578125 0.24321503131524008 0.0640625 0.10751565762004175
11 0.17890625 0.4081419624217119 0.09921875 0.14822546972860126
9 0.1875 0.296972860125261 0.09375 0.16910229645093947
8 0.2484375 0.17484342379958245 0.06796875 0.12317327766179541