1 0.125390625 0.7656576200417536 0.10234375 0.08872651356993737
1 0.247265625 0.1080375782881002 0.0609375 0.10020876826722339
3 0.193359375 0.30062630480167013 0.11328125 0.17640918580375783
4 0.325390625 0.11064718162839249 0.05859375 0.0918580375782881
4 0.303515625 0.24425887265135698 0.05234375 0.0918580375782881
4 0.378515625 0.331419624217119 0.05546875 0.08455114822546973
4 0.455859375 0.18319415448851775 0.0484375 0.09498956158663883
4 0.45859375 0.41910229645093944 0.05234375 0.09394572025052192
4 0.44765625 0.6304801670146137 0.06328125 0.08455114822546973
4 0.285546875 0.5307933194154488 0.0671875 0.08872651356993737
4 0.25078125 0.75 0.07109375 0.09081419624217119
2 0.3421875 0.7766179540709812 0.07578125 0.10751565762004175
2 0.380859375 0.23799582463465555 0.06640625 0.11482254697286012
0 0.247265625 0.6169102296450939 0.0953125 0.12421711899791232
0 0.6078125 0.3162839248434238 0.0640625 0.12108559498956159
5 0.530078125 0.09290187891440502 0.0515625 0.14718162839248433
10 0.546484375 0.7693110647181628 0.06484375 0.09707724425887265
10 0.730859375 0.6310020876826722 0.0546875 0.08977035490605428
10 0.62734375 0.5292275574112735 0.0609375 0.09707724425887265
10 0.6890625 0.3303757828810021 0.0546875 0.09707724425887265
10 0.67265625 0.1884133611691023 0.04921875 0.09812108559498957
10 0.676171875 0.11430062630480167 0.0515625 0.06889352818371608
10 0.544921875 0.4384133611691023 0.05859375 0.09290187891440502
10 0.532421875 0.24686847599164927 0.0515625 0.0824634655532359
8 0.525 0.3408141962421712 0.0578125 0.11064718162839249
8 0.611328125 0.23747390396659707 0.05625 0.10960334029227557
7 0.748046875 0.11638830897703549 0.0578125 0.10751565762004175
7 0.646484375 0.755741127348643 0.0796875 0.11482254697286012
11 0.637109375 0.4102296450939457 0.08359375 0.1440501043841336
6 0.83359375 0.541231732776618 0.09140625 0.12526096033402923
6 0.771484375 0.25521920668058456 0.06953125 0.12317327766179541
9 0.80390625 0.3089770354906054 0.09453125 0.17118997912317327